Hertz
3
369	4	1	1	2022	0.000000	TheBest1	60	0	1	3	1
248	5	1	1	2024	0.000000	98765	40	1	50.000000	1
3876	4	0	0	2020	0.000000	TinyCar2	20	2	0.150000	3
4
Liel
Biton
207000241
0526945659
23
Sean
Gafni
207563808
0504298084
25
Liron
Vies
035741016
0523974657
38
Tomer
Kleiner
208763541
0526836478
24
2
0	369	207000241	4	2	2024	6	4	2024	4758.000000	0	2	18	0	0	4758.000000	1	4	2024	2
1	248	208763541	2	8	2024	1	1	2025	10640.000000	1	4	30	1	1	10640.000000	10	4	2024	1
3
Tel Aviv
Hayarkon
124	0	0
Phuket
Patong
46	1	1
New York
Manhattan
9	2	2
